0.0584 5 2 3 2
0.0712 5 6 2 3
0.0776 5 3 3 2
0.0936 5 7 2 3
0.1064 3 1 3 5
0.1256 5 4 3 2
0.2648 12 4 5 2
0.3412 3 5 5 2
0.3544 3 10 2 5
0.4072 3 6 5 2
0.5944 12 9 2 5
0.6072 12 7 5 2
0.6632 12 12 2 3
0.7064 12 5 3 2
0.7854 1 1 5 2
0.7992 3 11 2 5
0.8072 1 14 2 5
0.844 5 8 2 3
0.9064 3 8 5 2
0.9064 10 3 5 2
0.9256 1 9 5 3
0.938 4 1 2 5
1.0968 7 3 2 4
1.1064 3 15 2 5
1.108 10 16 2 3
1.172 5 6 3 2
1.1928 5 17 2 3
1.2072 5 9 3 2
1.2072 10 8 3 5
1.2264 1 7 3 5
1.252 12 13 2 3
1.2856 12 10 3 2
1.3176 3 11 5 2
1.3496 1 13 5 3
1.5064 3 20 2 3
1.7144 6 2 2 5
1.8072 6 15 5 2
1.8456 5 18 2 3
1.8488 3 12 3 2
1.8904 4 10 5 2
1.9064 4 23 2 5
1.908 7 1 4 3
1.9112 5 13 3 2
1.9208 9 4 2 3
1.9224 4 16 5 2
