0.0600179 5 6 2
0.0727679 5 3 3
0.0792679 5 7 2
0.0952679 5 4 3
0.108018 3 5 5
0.127268 5 8 2
0.266518 12 9 2
0.342768 3 10 2
0.356018 3 6 5
0.408768 3 11 2
0.596018 12 7 5
0.608768 12 12 2
0.664768 12 5 3
0.708018 12 13 2
0.787018 1 14 2
0.800768 3 8 5
0.808768 1 9 5
0.845768 5 6 3
0.908018 3 15 2
0.908018 10 16 2
0.927268 1 7 3
0.939768 4 10 5
1.09852 7 1 4
1.10802 3 11 5
1.10977 10 8 3
1.17377 5 17 2
1.19452 5 9 3
1.20877 5 18 2
1.20877 10 12 5
1.22802 1 13 5
1.25377 12 10 3
1.28727 12 19 2
1.31927 3 20 2
1.35127 1 11 3
1.50802 3 12 3
1.71602 6 15 5
1.80877 6 21 2
1.84727 5 13 3
1.85052 3 22 2
1.89202 4 23 2
1.90802 4 16 5
1.90977 7 14 3
1.91277 5 24 2
1.92252 9 15 3
1.92402 4 25 2
