0.0595179 5 6 2
0.0722679 5 3 3
0.0787679 5 7 2
0.0947679 5 4 3
0.107518 3 5 5
0.126768 5 8 2
0.266018 12 9 2
0.342268 3 10 2
0.355518 3 6 5
0.408268 3 11 2
0.595518 12 7 5
0.608268 12 12 2
0.664268 12 5 3
0.707518 12 13 2
0.786518 1 14 2
0.800268 3 8 5
0.808268 1 9 5
0.845268 5 6 3
0.907518 3 15 2
0.907518 10 16 2
0.926768 1 7 3
0.939268 4 10 5
1.09802 7 1 4
1.10752 3 11 5
1.10927 10 8 3
1.17327 5 17 2
1.19402 5 9 3
1.20827 5 18 2
1.20827 10 12 5
1.22752 1 13 5
1.25327 12 10 3
1.28677 12 19 2
1.31877 3 20 2
1.35077 1 11 3
1.50752 3 12 3
1.71552 6 15 5
1.80827 6 21 2
1.84677 5 13 3
1.85002 3 22 2
1.89152 4 23 2
1.90752 4 16 5
1.90927 7 14 3
1.91227 5 24 2
1.92202 9 15 3
1.92352 4 25 2
