0.0589 5 2 3 2
0.0717 5 6 2 3
0.0781 5 3 3 2
0.0941 5 7 2 3
0.1069 3 1 3 5
0.1261 5 4 3 2
0.2653 12 4 5 2
0.3417 3 5 5 2
0.3549 3 10 2 5
0.4077 3 6 5 2
0.5949 12 9 2 5
0.6077 12 7 5 2
0.6637 12 12 2 3
0.7069 12 5 3 2
0.7859 1 1 5 2
0.7997 3 11 2 5
0.8077 1 14 2 5
0.8445 5 8 2 3
0.9069 3 8 5 2
0.9069 10 3 5 2
0.9261 1 9 5 3
0.9385 4 1 2 5
1.0973 7 3 2 4
1.1069 3 15 2 5
1.1085 10 16 2 3
1.1725 5 6 3 2
1.1933 5 17 2 3
1.2077 5 9 3 2
1.2077 10 8 3 5
1.2269 1 7 3 5
1.2525 12 13 2 3
1.2861 12 10 3 2
1.3181 3 11 5 2
1.3501 1 13 5 3
1.5069 3 20 2 3
1.7149 6 2 2 5
1.8077 6 15 5 2
1.8461 5 18 2 3
1.8493 3 12 3 2
1.8909 4 10 5 2
1.9069 4 23 2 5
1.9085 7 1 4 3
1.9117 5 13 3 2
1.9213 9 4 2 3
1.9229 4 16 5 2
